lastAccountName: Munch42
timestamps:
  login: 1577508794965
  logout: 1577508803752
ipAddress: 127.0.0.1
afk: false
logoutlocation:
  world: world
  x: 82.51763642263778
  y: 94.19293171793835
  z: 35.216662613250804
  yaw: 73.89013
  pitch: 64.64993
