lastAccountName: Munch42
timestamps:
  login: 1577395299710
  logout: 1577395334277
ipAddress: 127.0.0.1
afk: false
logoutlocation:
  world: world
  x: 29.50714123211778
  y: 88.97492474365279
  z: 44.36725997515206
  yaw: 242.3399
  pitch: 49.3502
